AlphaNeg=-9.710132, 9.871400, -9.604298, 10.071177
AlphaPos=-9.618614, 9.658531, -9.382091, 9.934893
Beta=0.011341, 0.118089, 0.023689, 0.116461
Theta=0.0, 0.0
