AlphaNeg=-9.909807, 10.103729, -9.794860, 10.016967
AlphaPos=-9.906882, 10.142797, -9.771347, 9.933996
Beta=0.007212, 0.100659, 0.021057, 0.098714
Theta=0.0, 0.0